image: Capstone_Map01_RE.png
resolution: 0.05
origin: [-10.37500057220459, -12.174999809265136, 0.0000]
negate: 0
occupied_thresh: 0.65
free_thresh: 0.196